=== HRRR DETAIL ===

  asnow (14 runs):
    run=run_20260302_18 peak=0.179 final=0.179
      series(48): [(1, 0), (2, 0), (3, 0), (4, 0), (5, 0), (6, 0), (7, 0), (8, 0), (9, 0), (10, 0), (11, 0), (12, 0), (13, 0), (14, 0), (15, 0), (16, 0), (17, 0), (18, 0.05), (19, 0.13), (20, 0.17), (21, 0.18), (22, 0.18), (23, 0.18), (24, 0.18), (25, 0.18), (26, 0.18), (27, 0.18), (28, 0.18), (29, 0.18), (30, 0.18), (31, 0.18), (32, 0.18), (33, 0.18), (34, 0.18), (35, 0.18), (36, 0.18), (37, 0.18), (38, 0.18), (39, 0.18), (40, 0.18), (41, 0.18), (42, 0.18), (43, 0.18), (44, 0.18), (45, 0.18), (46, 0.18), (47, 0.18), (48, 0.18)]
    run=run_20260302_19 peak=0.122 final=0.122
      series(18): [(1, 0), (2, 0), (3, 0), (4, 0), (5, 0), (6, 0), (7, 0), (8, 0), (9, 0), (10, 0), (11, 0), (12, 0), (13, 0), (14, 0), (15, 0), (16, 0), (17, 0.05), (18, 0.12)]
    run=run_20260302_20 peak=0.106 final=0.106
      series(18): [(1, 0), (2, 0), (3, 0), (4, 0), (5, 0), (6, 0), (7, 0), (8, 0), (9, 0), (10, 0), (11, 0), (12, 0), (13, 0), (14, 0), (15, 0), (16, 0.03), (17, 0.06), (18, 0.11)]
    run=run_20260302_21 peak=0.266 final=0.266
      series(18): [(1, 0), (2, 0), (3, 0), (4, 0), (5, 0), (6, 0), (7, 0), (8, 0), (9, 0), (10, 0), (11, 0), (12, 0), (13, 0), (14, 0), (15, 0), (16, 0.03), (17, 0.18), (18, 0.27)]
    run=run_20260302_22 peak=0.069 final=0.069
      series(18): [(1, 0), (2, 0), (3, 0), (4, 0), (5, 0), (6, 0), (7, 0), (8, 0), (9, 0), (10, 0), (11, 0), (12, 0), (13, 0), (14, 0.02), (15, 0.05), (16, 0.07), (17, 0.07), (18, 0.07)]

  snod (14 runs):
    run=run_20260302_18 peak=0.079 final=0.0
      series(48): [(1, 0), (2, 0), (3, 0), (4, 0), (5, 0), (6, 0), (7, 0), (8, 0), (9, 0), (10, 0), (11, 0), (12, 0), (13, 0), (14, 0), (15, 0), (16, 0), (17, 0), (18, 0.04), (19, 0.08), (20, 0.04), (21, 0), (22, 0), (23, 0), (24, 0), (25, 0), (26, 0), (27, 0), (28, 0), (29, 0), (30, 0), (31, 0), (32, 0), (33, 0), (34, 0), (35, 0), (36, 0), (37, 0), (38, 0), (39, 0), (40, 0), (41, 0), (42, 0), (43, 0), (44, 0), (45, 0), (46, 0), (47, 0), (48, 0)]
    run=run_20260302_19 peak=0.118 final=0.118
      series(18): [(1, 0), (2, 0), (3, 0), (4, 0), (5, 0), (6, 0), (7, 0), (8, 0), (9, 0), (10, 0), (11, 0), (12, 0), (13, 0), (14, 0), (15, 0), (16, 0), (17, 0.04), (18, 0.12)]
    run=run_20260302_20 peak=0.039 final=0.039
      series(18): [(1, 0), (2, 0), (3, 0), (4, 0), (5, 0), (6, 0), (7, 0), (8, 0), (9, 0), (10, 0), (11, 0), (12, 0), (13, 0), (14, 0), (15, 0), (16, 0.04), (17, 0.04), (18, 0.04)]
    run=run_20260302_21 peak=0.197 final=0.197
      series(18): [(1, 0), (2, 0), (3, 0), (4, 0), (5, 0), (6, 0), (7, 0), (8, 0), (9, 0), (10, 0), (11, 0), (12, 0), (13, 0), (14, 0), (15, 0), (16, 0.04), (17, 0.16), (18, 0.2)]
    run=run_20260302_22 peak=0.039 final=0.0
      series(18): [(1, 0), (2, 0), (3, 0), (4, 0), (5, 0), (6, 0), (7, 0), (8, 0), (9, 0), (10, 0), (11, 0), (12, 0), (13, 0), (14, 0), (15, 0.04), (16, 0), (17, 0), (18, 0)]

  apcp (15 runs):
    run=run_20260302_18 peak=0.583 final=0.583
      series(48): [(1, 0), (2, 0), (3, 0), (4, 0), (5, 0), (6, 0), (7, 0), (8, 0), (9, 0), (10, 0), (11, 0), (12, 0), (13, 0), (14, 0), (15, 0), (16, 0), (17, 0), (18, 0.01), (19, 0.02), (20, 0.03), (21, 0.05), (22, 0.07), (23, 0.09), (24, 0.12), (25, 0.18), (26, 0.23), (27, 0.23), (28, 0.23), (29, 0.27), (30, 0.31), (31, 0.38), (32, 0.46), (33, 0.49), (34, 0.51), (35, 0.55), (36, 0.55), (37, 0.55), (38, 0.55), (39, 0.55), (40, 0.58), (41, 0.58), (42, 0.58), (43, 0.58), (44, 0.58), (45, 0.58), (46, 0.58), (47, 0.58), (48, 0.58)]
    run=run_20260302_19 peak=0.018 final=0.018
      series(18): [(1, 0), (2, 0), (3, 0), (4, 0), (5, 0), (6, 0), (7, 0), (8, 0), (9, 0), (10, 0), (11, 0), (12, 0), (13, 0), (14, 0), (15, 0), (16, 0), (17, 0.01), (18, 0.02)]
    run=run_20260302_20 peak=0.027 final=0.027
      series(18): [(1, 0), (2, 0), (3, 0), (4, 0), (5, 0), (6, 0), (7, 0), (8, 0), (9, 0), (10, 0), (11, 0), (12, 0), (13, 0), (14, 0), (15, 0), (16, 0.01), (17, 0.01), (18, 0.03)]
    run=run_20260302_21 peak=0.055 final=0.055
      series(18): [(1, 0), (2, 0), (3, 0), (4, 0), (5, 0), (6, 0), (7, 0), (8, 0), (9, 0), (10, 0), (11, 0), (12, 0), (13, 0), (14, 0), (15, 0), (16, 0.01), (17, 0.03), (18, 0.06)]
    run=run_20260302_22 peak=0.053 final=0.053
      series(18): [(1, 0), (2, 0), (3, 0), (4, 0), (5, 0), (6, 0), (7, 0), (8, 0), (9, 0), (10, 0), (11, 0), (12, 0), (13, 0), (14, 0), (15, 0.01), (16, 0.02), (17, 0.04), (18, 0.05)]

  t2m (14 runs):
    run=run_20260302_18 peak=48.128 final=47.97
      series(48): [(1, 35.84), (2, 36.52), (3, 36.85), (4, 35.99), (5, 34.13), (6, 32.07), (7, 29.83), (8, 30.1), (9, 30.0), (10, 29.95), (11, 29.86), (12, 29.89), (13, 30.07), (14, 30.24), (15, 30.47), (16, 30.72), (17, 31.05), (18, 31.45), (19, 32.3), (20, 33.29), (21, 34.46), (22, 35.68), (23, 36.45), (24, 37.69), (25, 39.05), (26, 39.68), (27, 39.94), (28, 40.07), (29, 39.77), (30, 40.22), (31, 41.52), (32, 42.09), (33, 42.6), (34, 43.62), (35, 44.41), (36, 44.29), (37, 44.52), (38, 44.84), (39, 44.35), (40, 44.36), (41, 43.84), (42, 43.45), (43, 44.97), (44, 45.77), (45, 47.19), (46, 47.84), (47, 48.13), (48, 47.97)]
    run=run_20260302_19 peak=35.175 final=31.675
      series(18): [(1, 34.92), (2, 35.17), (3, 35.04), (4, 33.33), (5, 30.82), (6, 29.28), (7, 28.9), (8, 28.71), (9, 28.83), (10, 29.05), (11, 29.18), (12, 29.48), (13, 29.65), (14, 29.84), (15, 30.16), (16, 30.39), (17, 30.71), (18, 31.68)]
    run=run_20260302_20 peak=34.528 final=33.154
      series(18): [(1, 34.53), (2, 34.03), (3, 31.86), (4, 29.97), (5, 29.51), (6, 29.74), (7, 29.6), (8, 29.62), (9, 29.7), (10, 29.78), (11, 29.88), (12, 30.11), (13, 30.13), (14, 30.31), (15, 30.73), (16, 31.02), (17, 31.92), (18, 33.15)]
    run=run_20260302_21 peak=33.279 final=32.742
      series(18): [(1, 33.28), (2, 30.61), (3, 29.62), (4, 28.96), (5, 28.57), (6, 27.93), (7, 26.79), (8, 28.04), (9, 29.01), (10, 29.2), (11, 29.49), (12, 29.66), (13, 29.92), (14, 30.19), (15, 30.66), (16, 31.28), (17, 31.64), (18, 32.74)]
    run=run_20260302_22 peak=34.929 final=34.929
      series(18): [(1, 29.75), (2, 29.43), (3, 28.87), (4, 28.26), (5, 28.19), (6, 28.63), (7, 28.96), (8, 29.11), (9, 29.32), (10, 29.46), (11, 29.82), (12, 30.12), (13, 30.42), (14, 30.97), (15, 31.7), (16, 32.73), (17, 34.03), (18, 34.93)]

=== NAM NEST DETAIL ===

  snod (5 runs):
    run=run_20260302_06 peak=0.161 final=0.109
      series(60): [(1, 0), (2, 0), (3, 0), (4, 0), (5, 0), (6, 0), (7, 0), (8, 0), (9, 0), (10, 0), (11, 0), (12, 0), (13, 0), (14, 0), (15, 0), (16, 0), (17, 0), (18, 0), (19, 0), (20, 0), (21, 0), (22, 0), (23, 0), (24, 0.02), (25, 0.03), (26, 0.03), (27, 0.04), (28, 0.09), (29, 0.12), (30, 0.14), (31, 0.16), (32, 0.16), (33, 0.16), (34, 0.16), (35, 0.16), (36, 0.16), (37, 0.15), (38, 0.15), (39, 0.15), (40, 0.15), (41, 0.15), (42, 0.15), (43, 0.14), (44, 0.14), (45, 0.14), (46, 0.14), (47, 0.14), (48, 0.14), (49, 0.14), (50, 0.14), (51, 0.14), (52, 0.14), (53, 0.13), (54, 0.13), (55, 0.13), (56, 0.13), (57, 0.12), (58, 0.12), (59, 0.11), (60, 0.11)]
    run=run_20260302_12 peak=0.194 final=0.102
      series(60): [(1, 0), (2, 0), (3, 0), (4, 0), (5, 0), (6, 0), (7, 0), (8, 0), (9, 0), (10, 0), (11, 0), (12, 0), (13, 0), (14, 0), (15, 0), (16, 0), (17, 0), (18, 0), (19, 0.02), (20, 0.05), (21, 0.08), (22, 0.13), (23, 0.16), (24, 0.18), (25, 0.19), (26, 0.19), (27, 0.19), (28, 0.19), (29, 0.19), (30, 0.19), (31, 0.18), (32, 0.18), (33, 0.18), (34, 0.18), (35, 0.18), (36, 0.17), (37, 0.17), (38, 0.17), (39, 0.17), (40, 0.17), (41, 0.17), (42, 0.16), (43, 0.16), (44, 0.16), (45, 0.16), (46, 0.16), (47, 0.15), (48, 0.15), (49, 0.15), (50, 0.15), (51, 0.14), (52, 0.14), (53, 0.13), (54, 0.13), (55, 0.12), (56, 0.12), (57, 0.11), (58, 0.11), (59, 0.1), (60, 0.1)]
    run=run_20260302_18 peak=0.09 final=0.058
      series(60): [(1, 0), (2, 0), (3, 0), (4, 0), (5, 0), (6, 0), (7, 0), (8, 0), (9, 0), (10, 0), (11, 0), (12, 0), (13, 0), (14, 0), (15, 0), (16, 0.02), (17, 0.04), (18, 0.08), (19, 0.09), (20, 0.09), (21, 0.09), (22, 0.09), (23, 0.09), (24, 0.09), (25, 0.09), (26, 0.09), (27, 0.09), (28, 0.08), (29, 0.08), (30, 0.08), (31, 0.08), (32, 0.08), (33, 0.08), (34, 0.08), (35, 0.08), (36, 0.08), (37, 0.08), (38, 0.08), (39, 0.08), (40, 0.08), (41, 0.08), (42, 0.08), (43, 0.08), (44, 0.07), (45, 0.07), (46, 0.07), (47, 0.07), (48, 0.07), (49, 0.07), (50, 0.07), (51, 0.07), (52, 0.06), (53, 0.06), (54, 0.06), (55, 0.06), (56, 0.06), (57, 0.06), (58, 0.06), (59, 0.06), (60, 0.06)]

  apcp (5 runs):
    run=run_20260302_06 peak=0.463 final=0.463
      series(60): [(1, 0), (2, 0), (3, 0), (4, 0), (5, 0), (6, 0), (7, 0), (8, 0), (9, 0), (10, 0), (11, 0), (12, 0), (13, 0), (14, 0), (15, 0), (16, 0), (17, 0), (18, 0), (19, 0), (20, 0), (21, 0), (22, 0), (23, 0), (24, 0.01), (25, 0.01), (26, 0.01), (27, 0.02), (28, 0.03), (29, 0.06), (30, 0.07), (31, 0.08), (32, 0.09), (33, 0.1), (34, 0.11), (35, 0.12), (36, 0.14), (37, 0.14), (38, 0.15), (39, 0.18), (40, 0.21), (41, 0.22), (42, 0.23), (43, 0.23), (44, 0.23), (45, 0.25), (46, 0.26), (47, 0.33), (48, 0.41), (49, 0.46), (50, 0.46), (51, 0.46), (52, 0.46), (53, 0.46), (54, 0.46), (55, 0.46), (56, 0.46), (57, 0.46), (58, 0.46), (59, 0.46), (60, 0.46)]
    run=run_20260302_12 peak=0.571 final=0.571
      series(60): [(1, 0), (2, 0), (3, 0), (4, 0), (5, 0), (6, 0), (7, 0), (8, 0), (9, 0), (10, 0), (11, 0), (12, 0), (13, 0), (14, 0), (15, 0), (16, 0), (17, 0), (18, 0), (19, 0), (20, 0.02), (21, 0.03), (22, 0.03), (23, 0.05), (24, 0.06), (25, 0.08), (26, 0.09), (27, 0.11), (28, 0.14), (29, 0.19), (30, 0.23), (31, 0.29), (32, 0.33), (33, 0.39), (34, 0.39), (35, 0.4), (36, 0.41), (37, 0.41), (38, 0.45), (39, 0.48), (40, 0.51), (41, 0.53), (42, 0.54), (43, 0.56), (44, 0.57), (45, 0.57), (46, 0.57), (47, 0.57), (48, 0.57), (49, 0.57), (50, 0.57), (51, 0.57), (52, 0.57), (53, 0.57), (54, 0.57), (55, 0.57), (56, 0.57), (57, 0.57), (58, 0.57), (59, 0.57), (60, 0.57)]
    run=run_20260302_18 peak=0.573 final=0.573
      series(60): [(1, 0), (2, 0), (3, 0), (4, 0), (5, 0), (6, 0), (7, 0), (8, 0), (9, 0), (10, 0), (11, 0), (12, 0), (13, 0), (14, 0), (15, 0), (16, 0.01), (17, 0.02), (18, 0.05), (19, 0.08), (20, 0.11), (21, 0.13), (22, 0.16), (23, 0.18), (24, 0.2), (25, 0.23), (26, 0.29), (27, 0.3), (28, 0.32), (29, 0.32), (30, 0.33), (31, 0.33), (32, 0.34), (33, 0.39), (34, 0.43), (35, 0.45), (36, 0.47), (37, 0.48), (38, 0.48), (39, 0.48), (40, 0.48), (41, 0.48), (42, 0.48), (43, 0.48), (44, 0.48), (45, 0.48), (46, 0.48), (47, 0.48), (48, 0.48), (49, 0.48), (50, 0.48), (51, 0.48), (52, 0.48), (53, 0.49), (54, 0.49), (55, 0.49), (56, 0.5), (57, 0.51), (58, 0.51), (59, 0.56), (60, 0.57)]

  t2m (5 runs):
    run=run_20260302_06 peak=47.732 final=47.732
      series(60): [(1, 25.54), (2, 23.94), (3, 22.87), (4, 22.05), (5, 21.78), (6, 20.95), (7, 22.73), (8, 24.67), (9, 27.1), (10, 28.98), (11, 29.68), (12, 30.29), (13, 30.99), (14, 31.26), (15, 31.51), (16, 31.01), (17, 30.54), (18, 30.81), (19, 30.43), (20, 29.91), (21, 29.73), (22, 29.12), (23, 28.96), (24, 28.63), (25, 28.62), (26, 28.81), (27, 29.52), (28, 30.34), (29, 30.88), (30, 31.32), (31, 31.75), (32, 32.4), (33, 33.24), (34, 33.89), (35, 34.45), (36, 35.06), (37, 35.15), (38, 35.44), (39, 35.47), (40, 35.56), (41, 35.56), (42, 35.71), (43, 35.4), (44, 35.37), (45, 35.74), (46, 36.03), (47, 36.61), (48, 36.7), (49, 36.64), (50, 36.54), (51, 36.7), (52, 36.95), (53, 36.63), (54, 37.18), (55, 36.95), (56, 39.07), (57, 41.07), (58, 43.81), (59, 46.13), (60, 47.73)]
    run=run_20260302_12 peak=48.182 final=41.324
      series(60): [(1, 22.55), (2, 24.8), (3, 26.69), (4, 29.32), (5, 31.05), (6, 31.6), (7, 29.8), (8, 30.25), (9, 30.63), (10, 31.01), (11, 30.78), (12, 30.31), (13, 30.33), (14, 29.62), (15, 29.12), (16, 29.35), (17, 29.17), (18, 29.08), (19, 28.89), (20, 29.05), (21, 29.95), (22, 30.6), (23, 30.67), (24, 31.21), (25, 31.87), (26, 32.29), (27, 32.92), (28, 33.91), (29, 34.47), (30, 34.81), (31, 34.81), (32, 34.77), (33, 35.1), (34, 35.17), (35, 35.37), (36, 35.73), (37, 36.14), (38, 36.9), (39, 37.15), (40, 37.45), (41, 38.55), (42, 38.95), (43, 38.1), (44, 37.8), (45, 37.8), (46, 38.12), (47, 37.29), (48, 34.29), (49, 33.84), (50, 35.2), (51, 39.07), (52, 41.72), (53, 44.02), (54, 46.13), (55, 47.7), (56, 48.18), (57, 47.41), (58, 45.32), (59, 42.76), (60, 41.32)]
    run=run_20260302_18 peak=45.086 final=43.358
      series(60): [(1, 34.05), (2, 34.77), (3, 34.29), (4, 32.88), (5, 32.05), (6, 31.89), (7, 31.46), (8, 30.15), (9, 29.88), (10, 30.09), (11, 30.07), (12, 29.91), (13, 29.97), (14, 29.98), (15, 30.25), (16, 30.4), (17, 30.96), (18, 32.07), (19, 32.43), (20, 33.04), (21, 34.43), (22, 34.81), (23, 35.42), (24, 35.98), (25, 36.3), (26, 36.66), (27, 36.45), (28, 36.32), (29, 36.25), (30, 36.48), (31, 36.68), (32, 37.63), (33, 38.97), (34, 39.33), (35, 39.36), (36, 39.88), (37, 39.92), (38, 40.19), (39, 40.28), (40, 39.24), (41, 39.6), (42, 39.9), (43, 39.76), (44, 39.94), (45, 40.12), (46, 41.14), (47, 42.39), (48, 43.83), (49, 44.83), (50, 44.71), (51, 45.09), (52, 44.96), (53, 44.46), (54, 44.24), (55, 44.15), (56, 44.02), (57, 44.08), (58, 43.7), (59, 43.93), (60, 43.36)]

=== GFS DETAIL ===

  snod (7 runs):
    run=run_20260302_00 peak=0.353 final=0.0
      series(104): [(3, 0), (6, 0), (9, 0), (12, 0), (15, 0), (18, 0), (21, 0), (24, 0), (27, 0), (30, 0), (33, 0), (36, 0.17), (39, 0.31), (42, 0.3), (45, 0.24), (48, 0.2), (51, 0.16), (54, 0.13), (57, 0.11), (60, 0.09), (63, 0.08), (66, 0.04), (69, 0.01), (72, 0), (75, 0), (78, 0), (81, 0), (84, 0), (87, 0), (90, 0), (93, 0), (96, 0), (99, 0), (102, 0), (105, 0), (108, 0), (111, 0), (114, 0), (117, 0), (120, 0), (123, 0), (126, 0), (129, 0), (132, 0), (135, 0), (138, 0), (141, 0), (144, 0), (147, 0), (150, 0), (153, 0), (156, 0), (159, 0), (162, 0), (165, 0), (168, 0), (171, 0), (174, 0), (177, 0), (180, 0), (183, 0), (186, 0), (189, 0), (192, 0), (195, 0), (198, 0), (201, 0), (204, 0), (207, 0), (210, 0), (213, 0), (216, 0), (219, 0), (222, 0), (225, 0), (228, 0), (231, 0), (234, 0), (237, 0), (240, 0), (246, 0), (252, 0), (258, 0), (264, 0), (270, 0), (276, 0), (282, 0), (288, 0), (294, 0), (300, 0), (306, 0), (312, 0), (318, 0), (324, 0), (330, 0.33), (336, 0.35), (342, 0.2), (348, 0.11), (354, 0.06), (360, 0.02), (366, 0), (372, 0), (378, 0), (384, 0)]
    run=run_20260302_06 peak=0.217 final=0.0
      series(104): [(3, 0), (6, 0), (9, 0), (12, 0), (15, 0), (18, 0), (21, 0), (24, 0), (27, 0), (30, 0.12), (33, 0.16), (36, 0.14), (39, 0.12), (42, 0.1), (45, 0.09), (48, 0.08), (51, 0.07), (54, 0.06), (57, 0.04), (60, 0), (63, 0), (66, 0), (69, 0), (72, 0), (75, 0), (78, 0), (81, 0), (84, 0), (87, 0), (90, 0), (93, 0), (96, 0), (99, 0), (102, 0), (105, 0), (108, 0), (111, 0), (114, 0), (117, 0), (120, 0), (123, 0), (126, 0), (129, 0), (132, 0), (135, 0), (138, 0), (141, 0), (144, 0), (147, 0), (150, 0), (153, 0), (156, 0), (159, 0), (162, 0), (165, 0), (168, 0), (171, 0), (174, 0), (177, 0), (180, 0), (183, 0), (186, 0), (189, 0), (192, 0), (195, 0), (198, 0), (201, 0), (204, 0), (207, 0), (210, 0), (213, 0), (216, 0), (219, 0), (222, 0), (225, 0), (228, 0), (231, 0), (234, 0), (237, 0), (240, 0), (246, 0), (252, 0), (258, 0), (264, 0), (270, 0), (276, 0), (282, 0), (288, 0), (294, 0), (300, 0), (306, 0), (312, 0), (318, 0), (324, 0), (330, 0), (336, 0.1), (342, 0.22), (348, 0.17), (354, 0.08), (360, 0.07), (366, 0.06), (372, 0), (378, 0), (384, 0)]
    run=run_20260302_12 peak=0.318 final=0.0
      series(104): [(3, 0), (6, 0), (9, 0), (12, 0), (15, 0), (18, 0), (21, 0.02), (24, 0.27), (27, 0.32), (30, 0.26), (33, 0.21), (36, 0.17), (39, 0.14), (42, 0.1), (45, 0.09), (48, 0.07), (51, 0.05), (54, 0), (57, 0), (60, 0), (63, 0), (66, 0), (69, 0), (72, 0), (75, 0), (78, 0), (81, 0), (84, 0), (87, 0), (90, 0), (93, 0), (96, 0), (99, 0), (102, 0), (105, 0), (108, 0), (111, 0), (114, 0), (117, 0), (120, 0), (123, 0), (126, 0), (129, 0), (132, 0), (135, 0), (138, 0), (141, 0), (144, 0), (147, 0), (150, 0), (153, 0), (156, 0), (159, 0), (162, 0), (165, 0), (168, 0), (171, 0), (174, 0), (177, 0), (180, 0), (183, 0), (186, 0), (189, 0), (192, 0), (195, 0), (198, 0), (201, 0), (204, 0), (207, 0), (210, 0), (213, 0), (216, 0), (219, 0), (222, 0), (225, 0), (228, 0), (231, 0), (234, 0), (237, 0), (240, 0), (246, 0), (252, 0), (258, 0), (264, 0), (270, 0), (276, 0), (282, 0), (288, 0), (294, 0), (300, 0), (306, 0), (312, 0), (318, 0), (324, 0), (330, 0), (336, 0), (342, 0), (348, 0), (354, 0), (360, 0), (366, 0), (372, 0), (378, 0), (384, 0)]
    run=run_20260302_18 peak=0.375 final=0.189
      series(104): [(3, 0), (6, 0), (9, 0), (12, 0), (15, 0), (18, 0.21), (21, 0.3), (24, 0.26), (27, 0.2), (30, 0.16), (33, 0.12), (36, 0.09), (39, 0.07), (42, 0.06), (45, 0.04), (48, 0), (51, 0), (54, 0), (57, 0), (60, 0), (63, 0), (66, 0), (69, 0), (72, 0), (75, 0), (78, 0), (81, 0), (84, 0), (87, 0), (90, 0), (93, 0), (96, 0), (99, 0), (102, 0), (105, 0), (108, 0), (111, 0), (114, 0), (117, 0), (120, 0), (123, 0), (126, 0), (129, 0), (132, 0), (135, 0), (138, 0), (141, 0), (144, 0), (147, 0), (150, 0), (153, 0), (156, 0), (159, 0), (162, 0), (165, 0), (168, 0), (171, 0), (174, 0), (177, 0), (180, 0), (183, 0), (186, 0), (189, 0), (192, 0), (195, 0), (198, 0), (201, 0), (204, 0), (207, 0), (210, 0), (213, 0), (216, 0), (219, 0), (222, 0), (225, 0), (228, 0), (231, 0), (234, 0), (237, 0), (240, 0), (246, 0), (252, 0.04), (258, 0.29), (264, 0.38), (270, 0.16), (276, 0.09), (282, 0.05), (288, 0), (294, 0), (300, 0), (306, 0), (312, 0), (318, 0), (324, 0), (330, 0), (336, 0), (342, 0), (348, 0), (354, 0), (360, 0), (366, 0), (372, 0), (378, 0), (384, 0.19)]

  apcp (7 runs):
    run=run_20260302_00 peak=1.538 final=1.538
      series(104): [(3, 0), (6, 0), (9, 0), (12, 0), (15, 0), (18, 0), (21, 0), (24, 0), (27, 0), (30, 0), (33, 0), (36, 0.03), (39, 0.05), (42, 0.11), (45, 0.16), (48, 0.17), (51, 0.21), (54, 0.28), (57, 0.3), (60, 0.3), (63, 0.3), (66, 0.3), (69, 0.3), (72, 0.31), (75, 0.35), (78, 0.36), (81, 0.36), (84, 0.36), (87, 0.36), (90, 0.36), (93, 0.36), (96, 0.36), (99, 0.36), (102, 0.44), (105, 0.47), (108, 0.47), (111, 0.47), (114, 0.47), (117, 0.47), (120, 0.47), (123, 0.47), (126, 0.47), (129, 0.47), (132, 0.47), (135, 0.47), (138, 0.47), (141, 0.47), (144, 0.47), (147, 0.47), (150, 0.47), (153, 0.47), (156, 0.47), (159, 0.47), (162, 0.47), (165, 0.47), (168, 0.48), (171, 0.51), (174, 0.51), (177, 0.51), (180, 0.51), (183, 0.51), (186, 0.51), (189, 0.51), (192, 0.53), (195, 0.53), (198, 0.53), (201, 0.53), (204, 0.53), (207, 0.53), (210, 0.53), (213, 0.53), (216, 0.53), (219, 0.53), (222, 0.53), (225, 0.53), (228, 0.55), (231, 0.56), (234, 0.56), (237, 0.56), (240, 0.56), (246, 0.7), (252, 0.7), (258, 0.7), (264, 0.7), (270, 0.7), (276, 0.7), (282, 0.7), (288, 0.7), (294, 0.7), (300, 0.7), (306, 0.75), (312, 0.75), (318, 0.75), (324, 0.76), (330, 0.92), (336, 1.05), (342, 1.06), (348, 1.06), (354, 1.08), (360, 1.08), (366, 1.08), (372, 1.16), (378, 1.32), (384, 1.54)]
    run=run_20260302_06 peak=2.522 final=2.522
      series(104): [(3, 0), (6, 0), (9, 0), (12, 0), (15, 0), (18, 0), (21, 0), (24, 0), (27, 0), (30, 0.02), (33, 0.04), (36, 0.1), (39, 0.14), (42, 0.19), (45, 0.19), (48, 0.21), (51, 0.23), (54, 0.23), (57, 0.23), (60, 0.23), (63, 0.23), (66, 0.23), (69, 0.25), (72, 0.26), (75, 0.45), (78, 0.47), (81, 0.47), (84, 0.47), (87, 0.47), (90, 0.47), (93, 0.49), (96, 0.53), (99, 0.73), (102, 0.76), (105, 0.76), (108, 0.76), (111, 0.76), (114, 0.76), (117, 0.76), (120, 0.76), (123, 0.76), (126, 0.76), (129, 0.76), (132, 0.76), (135, 0.76), (138, 0.76), (141, 0.76), (144, 0.76), (147, 0.76), (150, 0.76), (153, 0.76), (156, 0.76), (159, 0.76), (162, 0.76), (165, 0.83), (168, 0.83), (171, 0.83), (174, 0.86), (177, 0.89), (180, 1.02), (183, 1.06), (186, 1.06), (189, 1.06), (192, 1.09), (195, 1.09), (198, 1.09), (201, 1.09), (204, 1.09), (207, 1.1), (210, 1.1), (213, 1.1), (216, 1.1), (219, 1.1), (222, 1.11), (225, 1.11), (228, 1.11), (231, 1.11), (234, 1.13), (237, 1.79), (240, 1.79), (246, 1.79), (252, 1.79), (258, 1.79), (264, 1.79), (270, 1.79), (276, 1.79), (282, 1.79), (288, 1.79), (294, 1.79), (300, 1.81), (306, 1.81), (312, 1.81), (318, 1.81), (324, 1.81), (330, 2.04), (336, 2.35), (342, 2.48), (348, 2.51), (354, 2.52), (360, 2.52), (366, 2.52), (372, 2.52), (378, 2.52), (384, 2.52)]
    run=run_20260302_12 peak=2.613 final=2.613
      series(104): [(3, 0), (6, 0), (9, 0), (12, 0), (15, 0), (18, 0), (21, 0), (24, 0.05), (27, 0.05), (30, 0.15), (33, 0.17), (36, 0.19), (39, 0.26), (42, 0.32), (45, 0.35), (48, 0.35), (51, 0.35), (54, 0.35), (57, 0.35), (60, 0.35), (63, 0.35), (66, 0.35), (69, 0.35), (72, 0.5), (75, 0.53), (78, 0.54), (81, 0.54), (84, 0.54), (87, 0.57), (90, 0.63), (93, 0.75), (96, 0.77), (99, 0.77), (102, 0.77), (105, 0.77), (108, 0.77), (111, 0.77), (114, 0.77), (117, 0.77), (120, 0.77), (123, 0.77), (126, 0.77), (129, 0.77), (132, 0.77), (135, 0.77), (138, 0.77), (141, 0.77), (144, 0.77), (147, 0.77), (150, 0.77), (153, 0.81), (156, 1.57), (159, 1.61), (162, 1.62), (165, 1.63), (168, 1.63), (171, 1.63), (174, 1.63), (177, 1.66), (180, 1.79), (183, 1.79), (186, 1.8), (189, 1.86), (192, 2.1), (195, 2.1), (198, 2.1), (201, 2.1), (204, 2.1), (207, 2.1), (210, 2.1), (213, 2.1), (216, 2.1), (219, 2.1), (222, 2.1), (225, 2.1), (228, 2.1), (231, 2.12), (234, 2.21), (237, 2.31), (240, 2.31), (246, 2.31), (252, 2.31), (258, 2.31), (264, 2.31), (270, 2.31), (276, 2.31), (282, 2.31), (288, 2.31), (294, 2.31), (300, 2.31), (306, 2.31), (312, 2.31), (318, 2.31), (324, 2.33), (330, 2.48), (336, 2.48), (342, 2.56), (348, 2.61), (354, 2.61), (360, 2.61), (366, 2.61), (372, 2.61), (378, 2.61), (384, 2.61)]
    run=run_20260302_18 peak=2.261 final=2.261
      series(104): [(3, 0), (6, 0), (9, 0), (12, 0), (15, 0), (18, 0.05), (21, 0.05), (24, 0.11), (27, 0.11), (30, 0.14), (33, 0.19), (36, 0.23), (39, 0.24), (42, 0.24), (45, 0.24), (48, 0.24), (51, 0.24), (54, 0.24), (57, 0.24), (60, 0.24), (63, 0.25), (66, 0.29), (69, 0.29), (72, 0.29), (75, 0.29), (78, 0.3), (81, 0.52), (84, 0.62), (87, 0.62), (90, 0.62), (93, 0.62), (96, 0.62), (99, 0.62), (102, 0.62), (105, 0.62), (108, 0.62), (111, 0.62), (114, 0.62), (117, 0.62), (120, 0.62), (123, 0.62), (126, 0.62), (129, 0.62), (132, 0.66), (135, 0.66), (138, 0.66), (141, 0.66), (144, 0.66), (147, 0.67), (150, 0.76), (153, 0.81), (156, 0.86), (159, 0.87), (162, 0.88), (165, 0.88), (168, 0.92), (171, 0.93), (174, 0.93), (177, 0.93), (180, 0.93), (183, 0.93), (186, 0.93), (189, 0.93), (192, 0.93), (195, 0.93), (198, 0.93), (201, 0.93), (204, 0.93), (207, 0.93), (210, 0.93), (213, 0.93), (216, 0.93), (219, 0.93), (222, 0.93), (225, 0.93), (228, 0.93), (231, 0.93), (234, 0.93), (237, 0.93), (240, 0.94), (246, 1.18), (252, 1.25), (258, 1.39), (264, 1.58), (270, 1.59), (276, 1.59), (282, 1.59), (288, 1.59), (294, 1.59), (300, 1.59), (306, 1.59), (312, 1.59), (318, 1.59), (324, 1.62), (330, 1.62), (336, 1.62), (342, 1.64), (348, 1.75), (354, 1.84), (360, 1.89), (366, 1.89), (372, 1.89), (378, 1.89), (384, 2.26)]

  t2m (7 runs):
    run=run_20260302_00 peak=75.554 final=39.265
      series(104): [(3, 33.5), (6, 28.8), (9, 26.55), (12, 25.7), (15, 30.15), (18, 33.54), (21, 34.94), (24, 32.6), (27, 31.4), (30, 31.54), (33, 31.08), (36, 30.7), (39, 32.57), (42, 34.13), (45, 35.28), (48, 36.4), (51, 37.14), (54, 38.3), (57, 38.97), (60, 39.32), (63, 40.62), (66, 48.93), (69, 45.83), (72, 44.71), (75, 43.71), (78, 43.77), (81, 44.37), (84, 44.21), (87, 48.16), (90, 55.59), (93, 57.95), (96, 51.9), (99, 50.83), (102, 49.88), (105, 50.12), (108, 50.68), (111, 56.31), (114, 67.53), (117, 62.7), (120, 50.05), (123, 45.23), (126, 43.58), (129, 42.85), (132, 42.14), (135, 43.74), (138, 47.57), (141, 55.44), (144, 51.59), (147, 51.26), (150, 57.02), (153, 58.27), (156, 57.57), (159, 66.44), (162, 74.83), (165, 75.55), (168, 67.82), (171, 64.47), (174, 62.46), (177, 58.85), (180, 58.01), (183, 66.41), (186, 73.18), (189, 75.07), (192, 69.29), (195, 65.28), (198, 64.45), (201, 62.04), (204, 60.77), (207, 68.78), (210, 72.02), (213, 71.21), (216, 67.04), (219, 63.14), (222, 63.4), (225, 62.46), (228, 61.99), (231, 63.43), (234, 65.11), (237, 67.46), (240, 67.75), (246, 56.6), (252, 40.42), (258, 49.47), (264, 46.22), (270, 38.92), (276, 34.19), (282, 49.73), (288, 44.45), (294, 41.41), (300, 43.09), (306, 52.27), (312, 45.68), (318, 39.17), (324, 38.41), (330, 34.16), (336, 33.83), (342, 34.75), (348, 36.69), (354, 39.83), (360, 41.99), (366, 46.28), (372, 63.05), (378, 40.46), (384, 39.27)]
    run=run_20260302_06 peak=75.16 final=43.07
      series(104): [(3, 27.36), (6, 26.42), (9, 30.74), (12, 34.89), (15, 36.23), (18, 33.33), (21, 31.55), (24, 32.15), (27, 31.8), (30, 31.57), (33, 33.41), (36, 34.79), (39, 36.2), (42, 37.28), (45, 39.78), (48, 42.82), (51, 42.63), (54, 42.03), (57, 46.57), (60, 52.53), (63, 48.89), (66, 47.03), (69, 45.96), (72, 45.5), (75, 45.86), (78, 46.08), (81, 47.96), (84, 59.46), (87, 60.03), (90, 54.55), (93, 52.13), (96, 50.54), (99, 49.31), (102, 49.34), (105, 47.68), (108, 50.66), (111, 48.46), (114, 43.49), (117, 40.82), (120, 39.61), (123, 38.95), (126, 38.8), (129, 40.72), (132, 44.32), (135, 48.13), (138, 46.27), (141, 45.32), (144, 47.89), (147, 52.24), (150, 54.76), (153, 63.97), (156, 73.47), (159, 75.16), (162, 68.11), (165, 63.59), (168, 60.52), (171, 59.52), (174, 58.14), (177, 58.91), (180, 58.59), (183, 60.88), (186, 58.65), (189, 58.3), (192, 57.52), (195, 56.57), (198, 55.66), (201, 62.96), (204, 67.63), (207, 65.4), (210, 63.5), (213, 63.33), (216, 65.32), (219, 64.8), (222, 65.21), (225, 65.33), (228, 68.16), (231, 67.83), (234, 68.67), (237, 55.75), (240, 49.73), (246, 35.47), (252, 44.44), (258, 40.96), (264, 35.62), (270, 35.45), (276, 49.08), (282, 45.47), (288, 42.23), (294, 44.7), (300, 52.09), (306, 52.97), (312, 53.51), (318, 52.49), (324, 63.92), (330, 52.11), (336, 37.36), (342, 33.53), (348, 35.37), (354, 35.28), (360, 32.05), (366, 31.87), (372, 42.16), (378, 42.01), (384, 43.07)]
    run=run_20260302_12 peak=75.045 final=48.628
      series(104): [(3, 30.21), (6, 33.9), (9, 35.34), (12, 33.13), (15, 31.32), (18, 31.76), (21, 30.88), (24, 31.47), (27, 33.26), (30, 35.05), (33, 36.43), (36, 37.6), (39, 40.01), (42, 42.49), (45, 42.57), (48, 42.33), (51, 43.21), (54, 52.37), (57, 51.45), (60, 47.76), (63, 46.17), (66, 44.65), (69, 45.0), (72, 45.19), (75, 47.07), (78, 54.45), (81, 58.85), (84, 52.84), (87, 52.06), (90, 50.82), (93, 50.43), (96, 50.55), (99, 47.83), (102, 46.85), (105, 45.38), (108, 41.8), (111, 40.16), (114, 38.89), (117, 38.48), (120, 38.76), (123, 40.81), (126, 44.15), (129, 48.26), (132, 46.21), (135, 47.47), (138, 51.6), (141, 54.86), (144, 55.19), (147, 66.25), (150, 75.05), (153, 69.36), (156, 62.07), (159, 60.06), (162, 60.24), (165, 59.55), (168, 57.44), (171, 66.38), (174, 72.59), (177, 70.74), (180, 63.53), (183, 62.07), (186, 60.68), (189, 59.3), (192, 58.19), (195, 60.44), (198, 60.62), (201, 62.24), (204, 57.11), (207, 53.58), (210, 52.33), (213, 52.62), (216, 55.03), (219, 64.39), (222, 66.03), (225, 67.28), (228, 67.52), (231, 66.57), (234, 65.85), (237, 58.82), (240, 50.63), (246, 53.15), (252, 50.47), (258, 44.07), (264, 43.93), (270, 48.45), (276, 43.53), (282, 39.03), (288, 40.82), (294, 49.5), (300, 49.57), (306, 50.71), (312, 54.18), (318, 66.31), (324, 64.55), (330, 50.17), (336, 40.6), (342, 42.26), (348, 41.78), (354, 39.98), (360, 38.34), (366, 49.87), (372, 46.54), (378, 46.34), (384, 48.63)]
    run=run_20260302_18 peak=70.151 final=35.716
      series(104): [(3, 34.43), (6, 32.45), (9, 30.73), (12, 31.86), (15, 31.66), (18, 31.6), (21, 33.52), (24, 35.13), (27, 36.63), (30, 38.37), (33, 41.45), (36, 44.18), (39, 43.03), (42, 42.61), (45, 47.05), (48, 49.47), (51, 49.85), (54, 47.01), (57, 45.96), (60, 44.54), (63, 44.87), (66, 45.69), (69, 49.67), (72, 60.67), (75, 62.0), (78, 56.27), (81, 54.83), (84, 56.6), (87, 49.19), (90, 44.31), (93, 42.49), (96, 43.05), (99, 41.83), (102, 39.08), (105, 37.59), (108, 37.12), (111, 37.49), (114, 38.21), (117, 40.59), (120, 44.74), (123, 47.44), (126, 48.27), (129, 52.06), (132, 54.82), (135, 56.52), (138, 54.98), (141, 61.43), (144, 67.25), (147, 66.89), (150, 60.01), (153, 58.02), (156, 57.37), (159, 56.59), (162, 56.09), (165, 64.12), (168, 69.27), (171, 70.15), (174, 62.73), (177, 53.18), (180, 48.68), (183, 46.24), (186, 44.33), (189, 48.89), (192, 56.25), (195, 57.89), (198, 49.64), (201, 46.93), (204, 46.27), (207, 46.7), (210, 48.67), (213, 56.57), (216, 63.42), (219, 67.2), (222, 64.54), (225, 61.01), (228, 62.93), (231, 62.74), (234, 62.36), (237, 65.75), (240, 67.77), (246, 41.76), (252, 36.92), (258, 34.68), (264, 35.05), (270, 36.29), (276, 36.3), (282, 38.22), (288, 49.24), (294, 49.01), (300, 46.67), (306, 43.97), (312, 47.49), (318, 41.39), (324, 39.34), (330, 40.61), (336, 62.69), (342, 63.89), (348, 59.56), (354, 44.5), (360, 43.98), (366, 43.5), (372, 41.97), (378, 41.09), (384, 35.72)]

=== NBM DETAIL ===

  asnow (7 runs):
    run=run_20260302_19 peak=0.0 final=0.0
      series(36): [(1, 0), (2, 0), (3, 0), (4, 0), (5, 0), (6, 0), (7, 0), (8, 0), (9, 0), (10, 0), (11, 0), (12, 0), (13, 0), (14, 0), (15, 0), (16, 0), (17, 0), (18, 0), (19, 0), (20, 0), (21, 0), (22, 0), (23, 0), (24, 0), (25, 0), (26, 0), (27, 0), (28, 0), (29, 0), (30, 0), (31, 0), (32, 0), (33, 0), (34, 0), (35, 0), (36, 0)]
    run=run_20260302_20 peak=0.0 final=0.0
      series(36): [(1, 0), (2, 0), (3, 0), (4, 0), (5, 0), (6, 0), (7, 0), (8, 0), (9, 0), (10, 0), (11, 0), (12, 0), (13, 0), (14, 0), (15, 0), (16, 0), (17, 0), (18, 0), (19, 0), (20, 0), (21, 0), (22, 0), (23, 0), (24, 0), (25, 0), (26, 0), (27, 0), (28, 0), (29, 0), (30, 0), (31, 0), (32, 0), (33, 0), (34, 0), (35, 0), (36, 0)]
    run=run_20260302_21 peak=0.0 final=0.0
      series(36): [(1, 0), (2, 0), (3, 0), (4, 0), (5, 0), (6, 0), (7, 0), (8, 0), (9, 0), (10, 0), (11, 0), (12, 0), (13, 0), (14, 0), (15, 0), (16, 0), (17, 0), (18, 0), (19, 0), (20, 0), (21, 0), (22, 0), (23, 0), (24, 0), (25, 0), (26, 0), (27, 0), (28, 0), (29, 0), (30, 0), (31, 0), (32, 0), (33, 0), (34, 0), (35, 0), (36, 0)]
    run=run_20260302_22 peak=0.0 final=0.0
      series(36): [(1, 0), (2, 0), (3, 0), (4, 0), (5, 0), (6, 0), (7, 0), (8, 0), (9, 0), (10, 0), (11, 0), (12, 0), (13, 0), (14, 0), (15, 0), (16, 0), (17, 0), (18, 0), (19, 0), (20, 0), (21, 0), (22, 0), (23, 0), (24, 0), (25, 0), (26, 0), (27, 0), (28, 0), (29, 0), (30, 0), (31, 0), (32, 0), (33, 0), (34, 0), (35, 0), (36, 0)]

  apcp (7 runs):
    run=run_20260302_19 peak=0.58 final=0.58
      series(36): [(1, 0), (2, 0), (3, 0), (4, 0), (5, 0), (6, 0), (7, 0), (8, 0), (9, 0), (10, 0), (11, 0), (12, 0), (13, 0), (14, 0), (15, 0), (16, 0.01), (17, 0.02), (18, 0.03), (19, 0.04), (20, 0.06), (21, 0.08), (22, 0.12), (23, 0.17), (24, 0.21), (25, 0.25), (26, 0.28), (27, 0.29), (28, 0.31), (29, 0.32), (30, 0.37), (31, 0.42), (32, 0.46), (33, 0.48), (34, 0.52), (35, 0.55), (36, 0.58)]
    run=run_20260302_20 peak=0.32 final=0.32
      series(36): [(1, 0), (2, 0), (3, 0), (4, 0), (5, 0), (6, 0), (7, 0), (8, 0), (9, 0), (10, 0), (11, 0), (12, 0), (13, 0), (14, 0), (15, 0.01), (16, 0.01), (17, 0.01), (18, 0.01), (19, 0.02), (20, 0.02), (21, 0.04), (22, 0.05), (23, 0.09), (24, 0.09), (25, 0.12), (26, 0.13), (27, 0.14), (28, 0.15), (29, 0.19), (30, 0.19), (31, 0.23), (32, 0.25), (33, 0.27), (34, 0.3), (35, 0.32), (36, 0.32)]
    run=run_20260302_21 peak=0.25 final=0.25
      series(36): [(1, 0), (2, 0), (3, 0), (4, 0), (5, 0), (6, 0), (7, 0), (8, 0), (9, 0), (10, 0), (11, 0), (12, 0), (13, 0), (14, 0.01), (15, 0.01), (16, 0.01), (17, 0.01), (18, 0.01), (19, 0.02), (20, 0.03), (21, 0.04), (22, 0.07), (23, 0.09), (24, 0.11), (25, 0.11), (26, 0.11), (27, 0.11), (28, 0.15), (29, 0.15), (30, 0.19), (31, 0.21), (32, 0.22), (33, 0.24), (34, 0.25), (35, 0.25), (36, 0.25)]
    run=run_20260302_22 peak=0.27 final=0.27
      series(36): [(1, 0), (2, 0), (3, 0), (4, 0), (5, 0), (6, 0), (7, 0), (8, 0), (9, 0), (10, 0), (11, 0), (12, 0), (13, 0.01), (14, 0.01), (15, 0.01), (16, 0.01), (17, 0.01), (18, 0.02), (19, 0.03), (20, 0.04), (21, 0.07), (22, 0.09), (23, 0.11), (24, 0.12), (25, 0.13), (26, 0.13), (27, 0.17), (28, 0.17), (29, 0.21), (30, 0.23), (31, 0.24), (32, 0.26), (33, 0.27), (34, 0.27), (35, 0.27), (36, 0.27)]

  t2m (7 runs):
    run=run_20260302_19 peak=44.456 final=44.24
      series(36): [(1, 33.75), (2, 34.92), (3, 34.48), (4, 33.82), (5, 32.47), (6, 31.82), (7, 31.03), (8, 30.81), (9, 31.01), (10, 31.21), (11, 30.74), (12, 30.7), (13, 30.72), (14, 31.59), (15, 32.02), (16, 31.96), (17, 33.03), (18, 33.21), (19, 34.43), (20, 35.49), (21, 36.77), (22, 37.35), (23, 38.34), (24, 39.25), (25, 40.12), (26, 40.64), (27, 41.22), (28, 40.91), (29, 41.68), (30, 41.59), (31, 42.91), (32, 43.5), (33, 43.5), (34, 44.33), (35, 44.46), (36, 44.24)]
    run=run_20260302_20 peak=44.582 final=43.952
      series(36): [(1, 34.21), (2, 34.45), (3, 33.12), (4, 32.61), (5, 31.19), (6, 31.23), (7, 31.03), (8, 31.28), (9, 30.74), (10, 30.96), (11, 30.9), (12, 30.9), (13, 31.01), (14, 32.02), (15, 31.98), (16, 33.01), (17, 33.22), (18, 34.41), (19, 35.67), (20, 36.66), (21, 37.33), (22, 38.3), (23, 39.24), (24, 39.51), (25, 40.64), (26, 41.22), (27, 40.93), (28, 41.0), (29, 41.68), (30, 43.0), (31, 43.59), (32, 43.63), (33, 44.51), (34, 44.58), (35, 44.15), (36, 43.95)]
    run=run_20260302_21 peak=45.356 final=44.744
      series(36): [(1, 33.98), (2, 33.35), (3, 32.2), (4, 31.71), (5, 31.1), (6, 31.1), (7, 30.52), (8, 30.56), (9, 30.88), (10, 30.78), (11, 31.41), (12, 31.35), (13, 31.96), (14, 32.38), (15, 33.03), (16, 33.44), (17, 34.57), (18, 35.96), (19, 36.73), (20, 37.29), (21, 38.25), (22, 39.22), (23, 39.45), (24, 39.96), (25, 41.14), (26, 40.93), (27, 41.05), (28, 42.46), (29, 43.07), (30, 43.63), (31, 44.35), (32, 44.51), (33, 45.36), (34, 44.67), (35, 44.74), (36, 44.74)]
    run=run_20260302_22 peak=45.392 final=43.592
      series(36): [(1, 32.86), (2, 31.6), (3, 31.15), (4, 31.21), (5, 31.15), (6, 30.61), (7, 31.32), (8, 30.79), (9, 30.81), (10, 30.74), (11, 31.37), (12, 32.02), (13, 32.45), (14, 33.1), (15, 33.51), (16, 34.63), (17, 36.01), (18, 36.75), (19, 37.26), (20, 38.25), (21, 39.24), (22, 39.43), (23, 39.94), (24, 41.27), (25, 40.93), (26, 41.09), (27, 42.46), (28, 43.09), (29, 43.65), (30, 44.37), (31, 44.55), (32, 45.39), (33, 44.71), (34, 44.83), (35, 44.11), (36, 43.59)]

=== ECMWF DETAIL ===

  snod (3 runs):
    run=run_20260301_12 peak=0.0 final=0.0
      series(32): [(6, 0), (12, 0), (18, 0), (24, 0), (30, 0), (36, 0), (42, 0), (45, 0), (54, 0), (60, 0), (63, 0), (69, 0), (75, 0), (81, 0), (87, 0), (93, 0), (99, 0), (108, 0), (111, 0), (117, 0), (123, 0), (129, 0), (135, 0), (141, 0), (150, 0), (162, 0), (174, 0), (186, 0), (198, 0), (210, 0), (222, 0), (234, 0)]
    run=run_20260302_00 peak=0.029 final=0.0
      series(36): [(6, 0), (12, 0), (18, 0), (24, 0), (30, 0), (36, 0.03), (42, 0.02), (48, 0), (54, 0), (60, 0), (66, 0), (72, 0), (78, 0), (84, 0), (90, 0), (96, 0), (102, 0), (108, 0), (114, 0), (120, 0), (126, 0), (132, 0), (138, 0), (144, 0), (156, 0), (168, 0), (180, 0), (192, 0), (198, 0), (204, 0), (210, 0), (216, 0), (222, 0), (228, 0), (234, 0), (240, 0)]
    run=run_20260302_12 peak=0.0 final=0.0
      series(34): [(3, 0), (9, 0), (15, 0), (21, 0), (27, 0), (33, 0), (39, 0), (45, 0), (51, 0), (57, 0), (60, 0), (66, 0), (72, 0), (78, 0), (84, 0), (90, 0), (96, 0), (102, 0), (108, 0), (114, 0), (120, 0), (123, 0), (126, 0), (132, 0), (138, 0), (144, 0), (156, 0), (168, 0), (180, 0), (192, 0), (204, 0), (216, 0), (228, 0), (240, 0)]

  apcp (3 runs):
    run=run_20260301_12 peak=0.0 final=0.0
      series(33): [(3, 0), (9, 0), (15, 0), (21, 0), (27, 0), (33, 0), (39, 0), (45, 0), (51, 0), (57, 0), (63, 0), (69, 0), (75, 0), (81, 0), (87, 0), (93, 0), (99, 0), (102, 0), (105, 0), (111, 0), (117, 0), (123, 0), (132, 0), (138, 0), (144, 0), (156, 0), (168, 0), (180, 0), (192, 0), (204, 0), (216, 0), (228, 0), (240, 0)]
    run=run_20260302_00 peak=0.0 final=0.0
      series(35): [(6, 0), (12, 0), (15, 0), (18, 0), (24, 0), (27, 0), (33, 0), (39, 0), (45, 0), (51, 0), (54, 0), (60, 0), (66, 0), (69, 0), (75, 0), (81, 0), (87, 0), (93, 0), (99, 0), (105, 0), (111, 0), (117, 0), (120, 0), (126, 0), (132, 0), (138, 0), (144, 0), (156, 0), (168, 0), (180, 0), (192, 0), (204, 0), (216, 0), (228, 0), (240, 0)]
    run=run_20260302_12 peak=0.0 final=0.0
      series(33): [(3, 0), (6, 0), (9, 0), (12, 0), (15, 0), (18, 0), (24, 0), (30, 0), (36, 0), (42, 0), (57, 0), (63, 0), (69, 0), (75, 0), (81, 0), (84, 0), (90, 0), (96, 0), (102, 0), (108, 0), (114, 0), (120, 0), (129, 0), (135, 0), (141, 0), (150, 0), (162, 0), (174, 0), (186, 0), (198, 0), (210, 0), (222, 0), (234, 0)]

  t2m (3 runs):
    run=run_20260301_12 peak=74.137 final=61.489
      series(32): [(3, 38.5), (9, 40.65), (15, 27.54), (21, 20.85), (24, 20.11), (30, 32.02), (36, 26.9), (39, 25.32), (48, 30.12), (54, 38.18), (60, 41.32), (66, 45.69), (69, 43.47), (78, 54.01), (84, 47.67), (90, 41.78), (96, 40.32), (102, 54.32), (108, 50.66), (114, 44.84), (123, 54.5), (126, 57.0), (132, 42.97), (138, 37.73), (150, 51.74), (162, 51.73), (174, 74.14), (192, 55.1), (204, 68.8), (210, 62.7), (222, 56.39), (234, 61.49)]
    run=run_20260302_00 peak=74.33 final=70.773
      series(64): [(3, 30.88), (6, 25.66), (9, 22.31), (12, 21.16), (15, 27.55), (18, 32.39), (21, 32.3), (24, 29.82), (27, 28.63), (30, 28.86), (33, 29.88), (36, 30.86), (39, 34.26), (42, 37.76), (45, 38.86), (48, 41.09), (51, 42.99), (54, 46.65), (57, 47.62), (60, 43.44), (63, 51.43), (66, 56.16), (69, 57.13), (72, 50.34), (75, 45.81), (78, 43.65), (81, 42.85), (84, 41.86), (87, 46.91), (90, 52.72), (93, 54.09), (96, 49.36), (99, 46.35), (102, 44.5), (105, 44.4), (108, 44.67), (111, 48.17), (114, 49.7), (117, 50.83), (120, 43.64), (123, 40.09), (126, 38.74), (129, 37.85), (132, 37.85), (135, 50.12), (138, 58.62), (141, 66.2), (144, 61.62), (150, 56.47), (156, 50.77), (162, 57.77), (168, 58.41), (174, 58.56), (180, 59.79), (186, 69.56), (192, 59.98), (198, 45.1), (204, 38.74), (210, 57.99), (216, 53.51), (222, 52.83), (228, 57.11), (234, 74.33), (240, 70.77)]
    run=run_20260302_12 peak=68.684 final=63.518
      series(32): [(6, 34.65), (12, 31.91), (18, 29.84), (24, 32.43), (30, 38.9), (36, 42.28), (42, 47.17), (48, 42.6), (54, 57.38), (60, 50.25), (66, 44.16), (72, 42.62), (78, 50.75), (84, 47.83), (90, 43.11), (96, 39.78), (102, 44.15), (108, 41.89), (114, 37.2), (120, 38.03), (126, 51.72), (132, 51.94), (138, 55.45), (144, 58.49), (156, 59.5), (168, 51.4), (180, 58.95), (192, 41.52), (204, 54.97), (216, 55.34), (228, 68.68), (240, 63.52)]

=== EXTENDED RANGE DETAIL ===

--- gfs ---
  apcp run=run_20260302_06 pts_after_120h=64
    [(123, 0.76), (126, 0.76), (129, 0.76), (132, 0.76), (135, 0.76), (138, 0.76), (141, 0.76), (144, 0.76), (147, 0.76), (150, 0.76), (153, 0.76), (156, 0.76), (159, 0.76), (162, 0.76), (165, 0.83), (168, 0.83), (171, 0.83), (174, 0.86), (177, 0.89), (180, 1.02), (183, 1.06), (186, 1.06), (189, 1.06), (192, 1.09), (195, 1.09), (198, 1.09), (201, 1.09), (204, 1.09), (207, 1.1), (210, 1.1), (213, 1.1), (216, 1.1), (219, 1.1), (222, 1.11), (225, 1.11), (228, 1.11), (231, 1.11), (234, 1.13), (237, 1.79), (240, 1.79), (246, 1.79), (252, 1.79), (258, 1.79), (264, 1.79), (270, 1.79), (276, 1.79), (282, 1.79), (288, 1.79), (294, 1.79), (300, 1.81), (306, 1.81), (312, 1.81), (318, 1.81), (324, 1.81), (330, 2.04), (336, 2.35), (342, 2.48), (348, 2.51), (354, 2.52), (360, 2.52), (366, 2.52), (372, 2.52), (378, 2.52), (384, 2.52)]
  apcp run=run_20260302_12 pts_after_120h=64
    [(123, 0.77), (126, 0.77), (129, 0.77), (132, 0.77), (135, 0.77), (138, 0.77), (141, 0.77), (144, 0.77), (147, 0.77), (150, 0.77), (153, 0.81), (156, 1.57), (159, 1.61), (162, 1.62), (165, 1.63), (168, 1.63), (171, 1.63), (174, 1.63), (177, 1.66), (180, 1.79), (183, 1.79), (186, 1.8), (189, 1.86), (192, 2.1), (195, 2.1), (198, 2.1), (201, 2.1), (204, 2.1), (207, 2.1), (210, 2.1), (213, 2.1), (216, 2.1), (219, 2.1), (222, 2.1), (225, 2.1), (228, 2.1), (231, 2.12), (234, 2.21), (237, 2.31), (240, 2.31), (246, 2.31), (252, 2.31), (258, 2.31), (264, 2.31), (270, 2.31), (276, 2.31), (282, 2.31), (288, 2.31), (294, 2.31), (300, 2.31), (306, 2.31), (312, 2.31), (318, 2.31), (324, 2.33), (330, 2.48), (336, 2.48), (342, 2.56), (348, 2.61), (354, 2.61), (360, 2.61), (366, 2.61), (372, 2.61), (378, 2.61), (384, 2.61)]
  apcp run=run_20260302_18 pts_after_120h=64
    [(123, 0.62), (126, 0.62), (129, 0.62), (132, 0.66), (135, 0.66), (138, 0.66), (141, 0.66), (144, 0.66), (147, 0.67), (150, 0.76), (153, 0.81), (156, 0.86), (159, 0.87), (162, 0.88), (165, 0.88), (168, 0.92), (171, 0.93), (174, 0.93), (177, 0.93), (180, 0.93), (183, 0.93), (186, 0.93), (189, 0.93), (192, 0.93), (195, 0.93), (198, 0.93), (201, 0.93), (204, 0.93), (207, 0.93), (210, 0.93), (213, 0.93), (216, 0.93), (219, 0.93), (222, 0.93), (225, 0.93), (228, 0.93), (231, 0.93), (234, 0.93), (237, 0.93), (240, 0.94), (246, 1.18), (252, 1.25), (258, 1.39), (264, 1.58), (270, 1.59), (276, 1.59), (282, 1.59), (288, 1.59), (294, 1.59), (300, 1.59), (306, 1.59), (312, 1.59), (318, 1.59), (324, 1.62), (330, 1.62), (336, 1.62), (342, 1.64), (348, 1.75), (354, 1.84), (360, 1.89), (366, 1.89), (372, 1.89), (378, 1.89), (384, 2.26)]
  t2m run=run_20260302_06 pts_after_120h=64
    [(123, 38.95), (126, 38.8), (129, 40.72), (132, 44.32), (135, 48.13), (138, 46.27), (141, 45.32), (144, 47.89), (147, 52.24), (150, 54.76), (153, 63.97), (156, 73.47), (159, 75.16), (162, 68.11), (165, 63.59), (168, 60.52), (171, 59.52), (174, 58.14), (177, 58.91), (180, 58.59), (183, 60.88), (186, 58.65), (189, 58.3), (192, 57.52), (195, 56.57), (198, 55.66), (201, 62.96), (204, 67.63), (207, 65.4), (210, 63.5), (213, 63.33), (216, 65.32), (219, 64.8), (222, 65.21), (225, 65.33), (228, 68.16), (231, 67.83), (234, 68.67), (237, 55.75), (240, 49.73), (246, 35.47), (252, 44.44), (258, 40.96), (264, 35.62), (270, 35.45), (276, 49.08), (282, 45.47), (288, 42.23), (294, 44.7), (300, 52.09), (306, 52.97), (312, 53.51), (318, 52.49), (324, 63.92), (330, 52.11), (336, 37.36), (342, 33.53), (348, 35.37), (354, 35.28), (360, 32.05), (366, 31.87), (372, 42.16), (378, 42.01), (384, 43.07)]
  t2m run=run_20260302_12 pts_after_120h=64
    [(123, 40.81), (126, 44.15), (129, 48.26), (132, 46.21), (135, 47.47), (138, 51.6), (141, 54.86), (144, 55.19), (147, 66.25), (150, 75.05), (153, 69.36), (156, 62.07), (159, 60.06), (162, 60.24), (165, 59.55), (168, 57.44), (171, 66.38), (174, 72.59), (177, 70.74), (180, 63.53), (183, 62.07), (186, 60.68), (189, 59.3), (192, 58.19), (195, 60.44), (198, 60.62), (201, 62.24), (204, 57.11), (207, 53.58), (210, 52.33), (213, 52.62), (216, 55.03), (219, 64.39), (222, 66.03), (225, 67.28), (228, 67.52), (231, 66.57), (234, 65.85), (237, 58.82), (240, 50.63), (246, 53.15), (252, 50.47), (258, 44.07), (264, 43.93), (270, 48.45), (276, 43.53), (282, 39.03), (288, 40.82), (294, 49.5), (300, 49.57), (306, 50.71), (312, 54.18), (318, 66.31), (324, 64.55), (330, 50.17), (336, 40.6), (342, 42.26), (348, 41.78), (354, 39.98), (360, 38.34), (366, 49.87), (372, 46.54), (378, 46.34), (384, 48.63)]
  t2m run=run_20260302_18 pts_after_120h=64
    [(123, 47.44), (126, 48.27), (129, 52.06), (132, 54.82), (135, 56.52), (138, 54.98), (141, 61.43), (144, 67.25), (147, 66.89), (150, 60.01), (153, 58.02), (156, 57.37), (159, 56.59), (162, 56.09), (165, 64.12), (168, 69.27), (171, 70.15), (174, 62.73), (177, 53.18), (180, 48.68), (183, 46.24), (186, 44.33), (189, 48.89), (192, 56.25), (195, 57.89), (198, 49.64), (201, 46.93), (204, 46.27), (207, 46.7), (210, 48.67), (213, 56.57), (216, 63.42), (219, 67.2), (222, 64.54), (225, 61.01), (228, 62.93), (231, 62.74), (234, 62.36), (237, 65.75), (240, 67.77), (246, 41.76), (252, 36.92), (258, 34.68), (264, 35.05), (270, 36.29), (276, 36.3), (282, 38.22), (288, 49.24), (294, 49.01), (300, 46.67), (306, 43.97), (312, 47.49), (318, 41.39), (324, 39.34), (330, 40.61), (336, 62.69), (342, 63.89), (348, 59.56), (354, 44.5), (360, 43.98), (366, 43.5), (372, 41.97), (378, 41.09), (384, 35.72)]

--- ecmwf_hres ---
  apcp run=run_20260302_12 pts_after_120h=11
    [(129, 0.0), (135, 0.0), (141, 0.0), (150, 0.0), (162, 0.0), (174, 0.0), (186, 0.0), (198, 0.0), (210, 0.0), (222, 0.0), (234, 0.0)]
  t2m run=run_20260302_12 pts_after_120h=12
    [(126, 51.72), (132, 51.94), (138, 55.45), (144, 58.49), (156, 59.5), (168, 51.4), (180, 58.95), (192, 41.52), (204, 54.97), (216, 55.34), (228, 68.68), (240, 63.52)]

=== DEBUG PROMPT (FULL) ===
You are running a headless weather forecast analysis for **Radnor, PA** (40.0488, -75.389).

All data has been pre-fetched into a JSON file. Your job is to ANALYZE the data and write the forecast.

## Step 1: Read the data and methodology

1. Read the pre-fetched data file at `/tmp/forecast-data-p1fK1.json`.
2. Read the analysis skill at `.claude/skills/weather-analysis/SKILL.md` for the analytical methodology. Skip Step 1 (data fetching) -- that's already done. Follow Steps 2 through 5.

## Step 2: Understand the data structure

The JSON file contains:
- `nws.current_conditions`: Current weather (temperature, wind, description)
- `nws.afd_text`: NWS Area Forecast Discussion (forecaster's narrative)
- `nws.hwo_text`: Hazardous Weather Outlook
- `models.{model}.{variable}.runs[]`: Near-term model data (days=2). Each run has:
  - `init_time`, `run_id`, `peak`, `final` (summary stats)
  - `series`: array of `[forecast_hour, value]` pairs
- `extended_range.{gfs|ecmwf_hres}.{apcp|t2m}`: Extended range (GFS to 384h, ECMWF to 240h). Look at forecast_hour > 168 for Day 7+ signals.

**Models**: hrrr, nam_nest, gfs, nbm, ecmwf_hres
**Variables**: asnow (accumulated snowfall, hrrr/nbm), snod (snow depth), apcp (precip), t2m (temperature)
**Units**: asnow/snod/apcp in inches, t2m in Fahrenheit

## Step 3: Analyze and write

Follow the SKILL.md methodology (Steps 2-4):
- Establish synoptic baseline, check short-range confirmation, check NBM, temperature cross-check
- Compute implied snow ratios where relevant (SNOD or ASNOW / APCP)
- Cross-reference NWS AFD with your model analysis
- Scan extended range for Day 7-16 storm signals (APCP > 0.25 in with sub-freezing T2M)
- Present scenarios, not averages, when models diverge

## Step 4: Post the writeup

Use a Python script to POST (avoids shell escaping issues):
```
python3 -c "
import json, requests
data = {
    'title': 'Radnor, PA Forecast',
    'body': '''<2-paragraph summary>''',
    'detail': '''<full analysis with tables, ratios, extended outlook, what to watch>''',
    'location': {'lat': 40.0488, 'lon': -75.389, 'name': 'Radnor, PA'}
}
r = requests.post('http://localhost:5001/api/writeup', json=data)
print(r.json())
"
```

Use `in` or `inches` instead of the quote symbol. Use `--` instead of em dashes.

**Debug section**: The data JSON contains a `_debug_prompt` field with the full prompt text that was sent to you. Append it at the very bottom of the `detail` field as a section titled "## Debug: Prompt Context" wrapped in a markdown code block.

Then trigger audio:
```
curl -X POST http://localhost:5001/api/writeup/audio/generate -H 'Content-Type: application/json' -d '{}'
```

